0.693142
0.660019
0.63975
0.627148
0.619184
0.614067
0.610727
0.608515
0.607029
0.606019
0.605324
0.60484
0.604499
0.604256
0.604081
0.603954
0.603861
0.603791
0.60374
0.6037
0.603671
0.603648
0.60363
0.603616
0.603605
0.603597
0.60359
0.603585
0.60358
0.603577
0.603574
0.603572
0.60357
0.603568
0.603567
0.603566
0.603565
0.603565
0.603564
0.603564
0.603563
0.603563
0.603563
0.603562
0.603562
0.603562
0.603562
0.603562
0.603562
0.603562
0.603562
0.603562
0.603562
0.603561
0.603561
0.603561
0.603561
0.603561
0.603561
0.603561
0.603561
0.603561
0.603561
0.603561
0.603561
0.603561
0.603561
0.603561
0.603561
0.603561
0.603561
0.603561
0.603561
0.603561
0.603561
0.603561
0.603561
0.603561
0.603561
0.603561
0.603561
0.603561
0.603561
0.603561
0.603561
0.603561
0.603561
0.603561
0.603561
0.603561
0.603561
0.603561
0.603561
0.603561
0.603561
0.603561
0.603561
0.603561
0.603561
0.603561
